12
4 2 6 0 9 6 -1 2 2 7  6  7 
1
result:
0 1 2 3 4 5  6 7 8 9 10 11
5! not 1
         6
      +--+--+
      2  5  10
+--+--+  *  *
1  7  8
x  |  *
   |
+--+
11 9
*  |
   4
   |
   0
   |
   3
   *

7
6 6 -1 6 0 0 -1
0
0 1  2 3 4 5  6
result>
1
        6     2
       /|\
      0 1 3
     /|
    4 5

6
2 2 -1 2 0 0
0
0 1  2 3 4 5
result:
2
        2
       /|\
      0 1 3
     /|
    4 5

7
2 2 -1 2 0 0  3
0
0 1  2 3 4 5  6
result:
2
        2       
       /|\
      0 1 3
     /|    \
    4 5     6

5
-1 0 0 1 1
1
result:
1

3
-1 -1 -1
2
result:
2

4
3 3 3 -1 
3 
result:
0
    3
   /|\
  0 1 2

4
-1 0 0 1
3
result:
2
     0
    /|
   1 2
  /
 3

4
-1 0 1 2
2
result:
1
      0
     /
    1
   /
  2
 /
3

5
-1 0 0 1 1
2
result:
2

2
-1 0
1
result:
1

1
-1
0
result:
0

9
8 0  4 0 7 4  1 8 -1
4
0 1  2 3 4 5  6 7  8
result>
3
    7---8
    |    \
    | 6-1-0
    |     | 
  2-4-5   3



50
-1 0 0 0 0 0 0 0 0 0 0 0 0 0 0 0 0 0 0 0 0 0 0 0 0 0 0 0 0 0 0 0 0 0 0 0 0 0 0 0 0 0 0 0 0 0 0 0 0 0
49
result:
0

9
2 2 -1 2 0 0 5 1 0
1
0 1  2 3 4 5 6 7 8
result>
4
        2
       /|\
  +---0 1 3
  |  /| |
  8 4 5 7
      |
      6



