9
5
440874657 1845621550 192201434 486874450 1957475458 
7
1121586280 917367866 761641044 695532256 198017042 2
931194804 1481470029 
10
119842241 2114440946 10
2131815106 218743138 237387998 1279777391 1546159017 1084156618 2129978599 270255300 2046292208 2037624532 
6
678528528 51010758 1335317642 376666431 243212192 1822192092 186658241 653273549 796294724 1104026107 4
1491826981 1302043150 1406927456 275538137 
2
1501553286 395380378 602986829 1891849125 7
821729967 2129237123 1659489227 220405337 1065910093 1641984178 490660637 
4
1532125062 1385103622 1643247181 1583135821 572937616 2019913612 1826348013 1
59088205 
5
1043940785 4
1747052508 388284118 317673815 1006496316 
6
953703346 360565954 1059202633 1556690175 2
1438914469 230936494 
7
950920048 451341831 10
445420578 942002468 2117313652 1977545641 179622442 1613077186 1413197814 752560058 1485507150 1092062179 
10
1544595356 1424200094 2044146904 560226021 1023768954 284947374 877899836 2030265270 948769629 1831603182 