5  99999999998
1 0 0 0 1
1 0 0 0 1
1 0 0 0 1
1 0 0 0 1
1 0 0 0 1
result:
5 100000000000
688 0 0 0 688
688 0 0 0 688
688 0 0 0 688
688 0 0 0 688
688 0 0 0 688


2 100000000000
1000 1000
1000 1000

5 10
0 0 0 0 0
0 0 0 0 0
0 0 0 0 0
0 0 0 0 0
0 0 0 0 0
result:
512 0 0 0 512
512 0 0 0 512
512 0 0 0 512
512 0 0 0 512
512 0 0 0 512



3 3
1 2 3
4 5 6
7 8 9
result:
468 576 684
62 305 548
656 34 412

2 100
1 0
0 2

5 10
1 0 0 0 1
1 0 0 0 1
1 0 0 0 1
1 0 0 0 1
1 0 0 0 1
result:
512 0 0 0 512
512 0 0 0 512
512 0 0 0 512
512 0 0 0 512
512 0 0 0 512

2 5
1 2
3 4
result:
69 558
337 406

2 1
1000 1000
1000 1000

output
0 0
0 0
